time,x,y,z,phi,theta,psi,x_velocity,y_velocity,z_velocity,phi_velocity,theta_velocity,psi_velocity,rotor_speed1,rotor_speed2,rotor_speed3,rotor_speed4
0.06,-3.39684902292e-06,1.18031336972e-05,10.0065406426,0.00234587143416,0.000906939058044,0.0,-0.000210479661527,0.000695269263733,0.218004159472,-0.0180209194423,0.00930112900363,0.0,472.14630701231545,472.8631706689382,473.9133886844773,472.52653622282855
0.12000000000000001,-4.29058721673e-05,0.000111778972021,10.0236544356,0.00447720322416,0.00250261705354,0.0,-0.00129065800972,0.00284567076593,0.352422128714,0.000450126483364,-0.00312171829864,0.0,448.3761959176481,447.3659002151023,446.8879620659139,448.39088717162235
0.18,-0.000181235331267,0.000422470574485,10.0515300364,0.0108288858749,0.0025356366302,0.0,-0.00331916965622,0.00830966734942,0.57667260317,-0.0283252302637,0.000958362165649,0.0,474.18426095783246,474.49757460458426,476.4769143489626,474.2723528225317
0.23999999999999996,-0.000503412094318,0.00117341353438,10.0891113947,0.0178387579823,0.0202744913805,0.0,-0.00927582684101,0.0174696577992,0.675959339991,-0.06187612335,-0.0463198914415,0.0,439.5502027559804,435.6150008308082,437.94254926397537,435.1424349065304
0.3,-0.00146481170651,0.00257365688643,10.1324781472,0.0144737053367,0.0175223532956,0.0,-0.0224949036885,0.0288586690743,0.76955110293,-0.0565081751617,-0.0496851706451,0.0,436.5796121803394,436.2973677109341,434.17481114746204,434.6222325677328
0.36000000000000004,-0.00320635827568,0.00467708397893,10.1830439629,0.0266642712628,0.0191947648922,0.0,-0.035712546866,0.0426301677218,0.915840786295,-0.100965602037,-0.0272239698135,0.0,450.74772276254083,452.55804606532627,454.23340335233553,450.65058456671403
0.4200000000000001,-0.00567679104208,0.00768923746459,10.2376468116,0.0240339171416,0.0176387650287,0.0,-0.0465062605175,0.0575689057095,0.904270843807,-0.12248258626,-0.0317002203426,0.0,400.749916756749,400.3425497000833,402.2660029430874,400.30131083211086
0.48000000000000015,-0.00884485334615,0.0116540361963,10.2959048651,0.0211564158796,0.0163458809116,0.0,-0.0589662689801,0.0743071651059,1.03756064004,-0.146878617526,-0.0415338137471,0.0,448.54263326918067,447.74290092043367,449.40653714280734,447.4094246943099
0.5400000000000001,-0.0127772501106,0.0165955569533,10.3652091364,0.0124266756937,0.014339500263,0.0,-0.0718574676754,0.089346222717,1.27237345584,-0.151455921713,-0.0350062569875,0.0,479.1706296354654,479.66588351234185,478.60948875884264,478.24205978812984
0.6000000000000002,-0.017462540253,0.0222864935581,10.4503676913,0.0132253992872,0.0132830387718,0.0,-0.0841629436638,0.100409280653,1.56589116109,-0.118192793771,-0.0249498481773,0.0,495.47513379328524,496.21358719039785,495.19370690883227,497.61819153828856
0.6600000000000003,-0.0228234581623,0.0286193871304,10.5491709313,0.0152767344034,0.016514931203,0.0,-0.0948650935834,0.110951017098,1.72731058456,-0.152538620103,-0.00229814373872,0.0,457.90769640457387,459.70601030606446,459.3628003249679,456.61635123561774
0.7200000000000003,-0.0288679515723,0.0355696866117,10.6565112485,0.00682044498244,0.0163734236785,0.0,-0.10660255185,0.119841769368,1.85052036447,-0.162957343851,-0.00450088949968,0.0,448.0825932946518,447.90355931358454,446.7629588651548,445.8897700584206
0.7800000000000004,-0.0356713102777,0.0428757118244,10.772664548,6.2805493135,0.0249266321938,0.0,-0.121096978352,0.122635477681,2.02095705933,-0.170480063794,0.026860331442,0.0,461.13651078684694,463.60701739509614,461.976071186089,461.3575197292115
0.8400000000000004,-0.0434452764514,0.0501427409748,10.8963828063,6.27058940767,0.0266722710878,0.0,-0.138202278682,0.118604893737,2.10282876665,-0.165875126424,0.02984620414,0.0,434.99746318709333,435.24763468767406,435.07196789635424,435.42934347679125
0.9000000000000005,-0.0523481833379,0.0569416580324,11.0269327337,6.26116365221,0.0318375202945,0.0,-0.159138873058,0.106996765852,2.24852796216,-0.159035521005,0.00848731200058,0.0,456.5711315537096,454.86399920638513,455.0227045413468,455.54508997161133
0.9600000000000005,-0.0626088016772,0.0628807496411,11.1657515363,6.25943991936,0.0376668871865,0.0,-0.183521860823,0.0908317156296,2.37847615929,-0.190890354414,-0.0180080054673,0.0,451.69136919151794,449.5496582909195,453.2976671704827,450.70344580143666
1.0200000000000005,-0.0745941520265,0.0676589011967,11.3167355379,6.24800839658,0.0369226518708,0.0,-0.215866484478,0.0669915371959,2.65369144889,-0.1900739899,-0.0127435623308,0.0,494.0724665233581,494.46054988965125,495.17328658597984,495.20204642745995
1.0800000000000005,-0.0882874705731,0.0709675338583,11.4776967792,6.2400889236,0.0430379437809,0.0,-0.241187142268,0.0425654252067,2.71149286505,-0.211760400854,-0.042701761813,0.0,431.4454371279591,428.90850782299566,431.7655996665242,429.89256893962056
1.1400000000000006,-0.103804441996,0.0724345578096,11.6470967853,6.23270204907,0.0416330472412,0.0,-0.275870044202,0.00544412175592,2.93459069425,-0.187669641028,-0.0557470897973,0.0,480.8812767469583,479.89093481131476,481.7391060615287,483.5201623706521
1.2000000000000006,-0.121218373532,0.0716599002025,11.8264300558,6.22151277648,0.0384897491527,0.0,-0.304266515075,-0.0324086958634,3.04285149518,-0.185716265927,-0.0620094509576,0.0,448.8003103790264,448.2894513565697,447.81229720866736,447.93749899021253
1.2600000000000007,-0.140164660395,0.0685721560532,12.0093027001,6.211358292,0.0374998916369,0.0,-0.327174312328,-0.0714034391846,3.0528183536,-0.197874820972,-0.0450679544322,0.0,415.573063145305,417.05303283362025,418.6021862453313,417.5051904483191
1.3200000000000007,-0.160625355258,0.0626469623868,12.1969525924,6.19977518737,0.0361662120394,0.0,-0.354705164999,-0.127329247172,3.20167563793,-0.205090266481,-0.0591479989797,0.0,462.09329750652876,460.9805558308529,462.03000849150067,461.4231142899703
1.3800000000000008,-0.182741584007,0.0530066599267,12.394714886,6.18837723109,0.0326249690941,0.0,-0.382077072992,-0.19528888933,3.38975166076,-0.195787427762,-0.0588130043749,0.0,474.6691196598105,474.6926307845951,473.805135427477,474.48264565006775
1.4400000000000008,-0.206284571535,0.0394261032645,12.5995874232,6.17661836856,0.0290842796711,0.0,-0.402352614,-0.258491136072,3.43907394388,-0.19676703284,-0.060121700906,0.0,433.34571777363925,433.2331292231226,432.5409825833687,432.41973040654545
1.5000000000000009,-0.2309703785,0.0218950842785,12.8069021538,6.1681245172,0.0275778608498,0.0,-0.420383528939,-0.326623418401,3.47122037304,-0.217940968831,-0.0772452540842,0.0,427.41833004840873,425.9529626984671,429.9200895589836,428.0796520485146
1.560000000000001,-0.256760809289,-0.00015928386558,13.0183333584,6.15505979944,0.0235117070011,0.0,-0.438881643937,-0.409824055355,3.57599149667,-0.217453544578,-0.0867925207962,0.0,451.805768278599,451.03022181134486,451.6748895428559,451.66813842247944
1.620000000000001,-0.283669726009,-0.0276828094122,13.237595881,6.14251348531,0.0339237633153,0.0,-0.459177141593,-0.508941129321,3.73199974935,-0.210809544394,-0.0446825296074,0.0,466.1935433702979,469.4685429197252,468.5764864688232,469.04963448686925
1.680000000000001,-0.311961473236,-0.06132184489,13.4654378334,6.13123489769,0.0333323578608,0.0,-0.483788511333,-0.613503830811,3.86207987247,-0.199133006811,-0.0300023700189,0.0,461.8117153662276,462.96751694303697,461.17711043368234,462.05821341335877
1.740000000000001,-0.341679351768,-0.101186324732,13.69921852,6.1214682304,0.0393000725363,0.0,-0.507355342936,-0.716196533412,3.93014917286,-0.216557844378,-0.000647849389785,0.0,442.90885257587536,445.31667946851337,444.6813391202025,443.210163003989
1.8000000000000012,-0.373031487299,-0.147852706826,13.9396980227,6.10913475954,0.042746392734,0.0,-0.538100542369,-0.840591472991,4.08497118819,-0.226739499186,-0.0223335029424,0.0,472.1563377799575,470.48029641059077,472.9076984193486,472.0779473058218
1.8600000000000012,-0.40611564695,-0.20135932694,14.1843467278,6.09553987153,0.0574221713531,0.0,-0.565927899572,-0.944102162292,4.06967764377,-0.226334326421,0.0203223407607,0.0,417.2511726400878,420.95900050422904,420.09173089022505,420.07261629834977
1.9200000000000013,-0.441153059902,-0.261507302624,14.4290714373,6.08300460366,0.0611067456116,0.0,-0.602301017607,-1.06193394812,4.08740803328,-0.216274477254,0.0363637016914,0.0,431.09976760298366,432.4533897394145,430.52594025218747,431.3253934765741
1.9800000000000013,-0.478401030603,-0.328816430876,14.6741402768,6.0701171633,0.0647999294371,0.0,-0.639633255442,-1.18280034167,4.08120768512,-0.213993573206,0.0216430552056,0.0,424.9115186796578,423.64795605573244,424.22784075682165,424.37539010640063
2.0400000000000014,-0.518248614618,-0.40457338188,14.9232209818,6.05733494851,0.0673546220387,0.0,-0.688875969187,-1.34367017305,4.22049583238,-0.212308599633,0.00810715979639,0.0,472.16923590784717,471.12364818179356,471.62452000225943,471.7126007402265
2.1000000000000014,-0.560951249127,-0.489721271369,15.1782616706,6.04458972443,0.0718345595429,0.0,-0.734942150405,-1.49572986436,4.28015155981,-0.212710985756,0.028831110701,0.0,447.8994888687797,449.58186868082294,449.03301056401966,448.9563600521094
2.1600000000000015,-0.606973884693,-0.58568001528,15.4430698978,6.05229244843,0.0760755773783,0.0,-0.799588488326,-1.70170805465,4.54574393092,-0.164341297363,0.0450314817678,0.0,511.23774823862215,512.3911802518676,510.19622342026656,513.6061238145319
2.2200000000000015,-0.656300990434,-0.691830134486,15.7151646983,6.0424447774,0.0797439104024,0.0,-0.844954255422,-1.83744893218,4.52376742187,-0.167268517636,0.0546669815174,0.0,425.72491667963936,426.5502300475572,425.7946691302642,425.51671338248605
2.2800000000000016,-0.708746591136,-0.807275049284,15.9898741732,6.03415647791,0.0834380983338,0.0,-0.903583769007,-2.01143952688,4.63229136141,-0.153937576282,0.0463153968127,0.0,469.2286964685067,468.5814162958812,468.2009534419971,469.2133647457111
2.3400000000000016,-0.764500337519,-0.932463525201,16.2676197021,6.02494089676,0.0898678353944,0.0,-0.955415142375,-2.16227466628,4.62543472612,-0.153157875869,0.0660802613042,0.0,433.40748907214316,435.0676844473849,433.23500954854495,433.2776135251383
2.4000000000000017,-0.823723310281,-1.06756767971,16.5475339388,6.01573968193,0.0942901070577,0.0,-1.01909435316,-2.34197265587,4.70414282016,-0.154176217508,0.0573741826391,0.0,462.6817354200145,461.9984421232507,462.8297308749488,462.72835055980846
2.4600000000000017,-0.886565220589,-1.21281244,16.8291663969,6.01201780953,0.0980244187101,0.0,-1.0759508819,-2.49981802386,4.6833344754,-0.181162688237,0.0622123876523,0.0,432.02439767298796,432.43475460302807,432.7879504311443,430.4838231459081
2.520000000000002,-0.953090435217,-1.368119985,17.1112987335,6.00247244863,0.107127546824,0.0,-1.1424104762,-2.67788696145,4.72024409929,-0.169700122591,0.0355977787301,0.0,452.6369307704191,450.49153073476725,451.70100405285194,452.5948669156611
2.580000000000002,-1.02329244761,-1.53307594609,17.3914434464,6.00093003873,0.110339602293,0.0,-1.19792477826,-2.82091135547,4.61804000209,-0.138680185204,0.0458248692264,0.0,405.86316812295416,406.78112642135557,404.19383221715054,406.95358972369945
2.640000000000002,-1.09836746369,-1.71036786872,17.6783186409,6.00269749764,0.113081707055,0.0,-1.30476587541,-3.08809854271,4.94268004291,-0.174695445114,0.0453690013913,0.0,539.0101872835485,538.9801917483318,538.8398489276536,536.3821691031071
2.700000000000002,-1.17850789905,-1.90022994014,17.9726137757,5.99249288705,0.117006267284,0.0,-1.36691629418,-3.2414703842,4.86688588278,-0.181787029209,0.0320968744192,0.0,420.15076993183834,418.9992686385231,419.91327160717657,419.26522170217726
2.760000000000002,-1.26276204256,-2.10023538826,18.2648552832,5.98157372621,0.121923120371,0.0,-1.44198361828,-3.42626626081,4.87368452679,-0.182887018607,0.0119134833197,0.0,448.8593468832069,447.2182158484273,448.72953992169477,448.6084501861039
2.820000000000002,-1.35127476579,-2.31073254038,18.5548746748,5.97170026688,0.12427984077,0.0,-1.50863257892,-3.59111966878,4.79333505751,-0.195638787573,0.0248013589134,0.0,418.2803972045823,419.4014435459894,422.64285787495044,421.50603251473404
2.880000000000002,-1.44453150545,-2.53301933881,18.8453615661,5.96269152894,0.126398899337,0.0,-1.60003931761,-3.81916026427,4.88826372848,-0.178701892321,0.0323851783926,0.0,478.5402539964332,479.11741296141963,478.6985381420157,479.95362529665425
2.940000000000002,-1.54312572831,-2.76860937809,19.1397339959,5.95428673156,0.13902950857,0.0,-1.68753742845,-4.03443298556,4.92300289646,-0.196621997174,0.0670170549417,0.0,461.1481320076371,463.87730802450767,463.96803159197196,462.52706650504535
3.000000000000002,-1.64675164602,-3.01627446096,19.4331134047,5.94249197826,0.144310407453,0.0,-1.76708828091,-4.2219972526,4.85568186859,-0.199146655436,0.0534624952415,0.0,431.8187879041072,430.6765598529845,431.54511195242435,431.2924808896763
3.0600000000000023,-1.75534304375,-3.27554243269,19.7227859704,5.93215086747,0.162079345253,0.0,-1.85402213064,-4.42102621218,4.79916756429,-0.186406470425,0.0940805469416,0.0,435.4124861727976,438.80176828616464,435.79384089995267,436.819878244584
3.1200000000000023,-1.86954294146,-3.54717776212,20.0096247258,5.92105946235,0.170344695726,0.0,-1.95331149514,-4.63431224692,4.7611508043,-0.191157523172,0.075106326105,0.0,446.0613981214739,444.51526679823377,445.18549785656467,444.7621801465983
3.1800000000000024,-1.99039469822,-3.83296518938,20.2970971107,5.9098327205,0.174841791232,0.0,-2.07537542915,-4.89273117229,4.81966629211,-0.197887675212,0.0744777161464,0.0,478.4496014959518,478.4056886261875,480.16277481213365,479.61835883591374
3.2400000000000024,-2.11868992513,-4.13451402108,20.5880771928,5.90732904398,0.179597242306,0.0,-2.20146975231,-5.15896988016,4.87840568032,-0.165536116249,0.0672893265206,0.0,482.66469630377065,482.12533266818104,481.2097876386932,483.6220883355377
3.3000000000000025,-2.25395735546,-4.45072868797,20.8789651866,5.90134680724,0.184368604745,0.0,-2.30779653448,-5.38204410779,4.81713167675,-0.144932731732,0.075550474156,0.0,444.64194614566253,445.3221215435089,445.33362129510294,446.9923912760183
3.3600000000000025,-2.39691654027,-4.78289035153,21.1721113564,5.89332249275,0.191656229679,0.0,-2.45802511024,-5.69037311869,4.95215645515,-0.13707606479,0.0925706444763,0.0,510.45356040965066,511.6713559539116,509.9048770872702,510.4499472025777
3.4200000000000026,-2.54746353507,-5.13063611661,21.4656681777,5.88531973766,0.197609270615,0.0,-2.56065457329,-5.90184866611,4.83249938545,-0.143574080992,0.0983912760264,0.0,431.7687725396972,432.2675594196432,431.8549256103078,431.2876700350541
3.4800000000000026,-2.70457711484,-5.49181436117,21.7533519008,5.87739023906,0.205736803792,0.0,-2.67704993588,-6.13803827435,4.75597204745,-0.13562975407,0.113571342287,0.0,447.8843077372516,449.12676579491955,448.22319284668936,448.85027302450953
3.5400000000000027,-2.8693166178,-5.8682243476,22.0384471608,5.87364696497,0.219202891772,0.0,-2.81531581888,-6.40912651004,4.74576776256,-0.113835309456,0.140648776713,0.0,473.18274233784604,475.2757929001845,471.49703237829254,473.1642602446701
3.6000000000000028,-3.04256400818,-6.26093925377,22.3226861675,5.87343067497,0.228131332129,0.0,-2.96027459069,-6.68137001028,4.72771581137,-0.0868384484162,0.131690054472,0.0,473.42145711577245,472.74776272981853,473.2279563600777,475.2931821222623
3.660000000000003,-3.22512135682,-6.67079622502,22.6074934544,5.8756087251,0.236945847405,0.0,-3.12560865852,-6.98021255455,4.76442998345,-0.0582388546199,0.141025562714,0.0,492.8503341612073,493.5548111221501,493.5397889148658,495.6425635417017
3.720000000000003,-3.41654951288,-7.09660882005,22.8897591242,5.87218225325,0.245418268949,0.0,-3.2559555414,-7.21400258455,4.64373310363,-0.0625350034145,0.13816670468,0.0,444.7060404568015,444.489954735143,444.3205839333272,443.9656115878092
3.780000000000003,-3.61665234179,-7.53768671947,23.1672686795,5.87011806876,0.255270450427,0.0,-3.41485327289,-7.48874503328,4.60527275114,-0.0780179424931,0.123221619421,0.0,475.0328656620636,473.9002484849383,474.8535626231967,473.6608646461077
3.840000000000003,-3.82586725166,-7.99439063841,23.4402894118,5.88940725772,0.262869509634,0.0,-3.55973285514,-7.73420630334,4.49589961275,-0.0255724912451,0.116908759014,0.0,451.91793031360066,451.42163050779016,450.34666002073124,454.56757263351676
3.900000000000003,-4.04383577881,-8.46559063149,23.7064383999,5.89085175234,0.277703451222,0.0,-3.70701135403,-7.97271034983,4.37500994207,-0.00782786083595,0.0850523910125,0.0,448.75981888927157,446.17556188826194,447.42591084272834,448.86872591657533
3.960000000000003,-4.2714085262,-8.95189979307,23.9670184575,5.89576902489,0.285236117792,0.0,-3.87933906025,-8.23761263663,4.31025675717,0.0164255426433,0.0667351357783,0.0,468.84695441938584,467.4258782906578,468.0542664836761,469.93858247482564
4.020000000000002,-4.50943708515,-9.45412824379,24.2235945932,5.89704880958,0.289595833198,0.0,-4.05524485891,-8.5036055702,4.24141230151,0.0212877017456,0.0588929375598,0.0,469.1611294794142,468.55443653433866,468.7593424337126,469.1370556172482
4.080000000000001,-4.75739869929,-9.971511515,24.4737652996,5.90267610674,0.29317834781,0.0,-4.21055869018,-8.74290764182,4.09754478913,0.0429664846396,0.0603969270274,0.0,444.80265200034296,444.9283149149194,443.49412666691995,445.27202813196135
4.14,-5.01621890923,-10.5050933531,24.719692528,5.90710210785,0.301697941753,0.0,-4.41739779611,-9.04302946219,4.09867781848,0.0268263561881,0.0349286761126,0.0,495.9235601645524,494.0502655320003,493.42621589757664,492.23343528184097
4.199999999999998,-5.28685542191,-11.0558434161,24.963321543,5.91042204463,0.307175947355,0.0,-4.60425847076,-9.31559305823,4.0214837125,0.0112498137507,0.013546523842,0.0,471.8734118936217,470.2195552752496,471.797884194647,470.59332087633663
4.259999999999997,-5.56730398352,-11.6213317387,25.197839159,5.91111026474,0.308035823993,0.0,-4.74441121244,-9.53495832218,3.7959596402,0.0117898557164,0.00968375645183,0.0,420.6351228284204,420.30023705973963,420.03479854176527,420.0815311373564
4.319999999999996,-5.85680415206,-12.2007615408,25.4204047005,5.91925586701,0.324629496789,0.0,-4.90688501774,-9.77979584214,3.62269655588,-0.0193103602787,0.0523352059742,0.0,437.44519988045687,440.98400664596744,440.3085554187428,437.72715327515414
4.379999999999995,-6.15706932521,-12.7958131546,25.6346909194,5.91926049287,0.327773423495,0.0,-5.10220310148,-10.0559036868,3.5192692233,-0.0323860519613,0.0497570875043,0.0,463.94348226293215,463.74252775263,465.5677287953879,464.54316607620234
4.439999999999993,-6.4678035089,-13.4062063317,25.8390035288,5.91731895026,0.332671033677,0.0,-5.25616235614,-10.2915710474,3.29087114769,-0.0348648293686,0.0333613599598,0.0,421.9856564961656,420.56868056624165,422.7310092685784,422.516786057423
4.499999999999992,-6.78891062502,-14.0320133021,26.0323367065,5.91912053828,0.334818496269,0.0,-5.44769595521,-10.5694598672,3.15295278319,-0.01441645004,0.0365125277511,0.0,454.6093243385534,454.86229598424694,455.10190950761864,456.7360079137721
4.559999999999991,-7.12156638787,-14.6746554487,26.2172515918,5.91845614769,0.338048709141,0.0,-5.64114290821,-10.8528463001,3.01000685447,-0.0105655645374,0.0465451225446,0.0,454.3336749696103,455.13838298888896,455.48829883792337,455.7963867495702
4.6199999999999894,-7.46668357642,-15.3352788742,26.3954887628,5.9182729265,0.343203391942,0.0,-5.86307947511,-11.1686573733,2.92979046864,-0.0192171279066,0.0622231546664,0.0,478.84019666578695,480.03328630088913,478.3847408508489,477.7254291940558
4.679999999999988,-7.8236935084,-16.0135055274,26.5647089615,5.92033453904,0.351893432873,0.0,-6.03808548127,-11.439978857,2.71044601233,-0.0400945636945,0.0366048435918,0.0,433.70977737921487,431.55400546064203,434.7931115748607,433.0396364939167
4.739999999999987,-8.19236663479,-16.7092167705,26.7232397606,5.91905736386,0.355038678777,0.0,-6.25129822164,-11.7514389305,2.57269854171,-0.0295960168849,0.0246662067478,0.0,463.7158549615166,462.7771274180199,463.7967858522624,464.6203330950455
4.799999999999986,-8.57256194619,-17.4225589552,26.8699232282,5.91793042953,0.357895079366,0.0,-6.4224327624,-12.0280512194,2.31637076277,-0.0218911100962,0.01055832866,0.0,424.7530520237561,423.54097284737725,422.82831739788963,423.4916214428498
4.859999999999984,-8.96436948631,-18.1539561575,27.0041980164,5.9172051422,0.364528771977,0.0,-6.63833366594,-12.3529986291,2.15813124953,-0.0315777747012,0.036218338702,0.0,459.47963402088556,461.51010993100647,460.8772632998419,460.1106666996356
4.919999999999983,-9.3688654122,-18.904745088,27.1278112931,5.91655454948,0.367780145575,0.0,-6.84530649299,-12.6746710847,1.96133658752,-0.0450551406027,0.0235799552109,0.0,450.99115183376813,449.9691924630646,449.97008054617055,448.8767416976408
4.979999999999982,-9.78462236258,-19.6739674269,27.2364088324,5.91385863315,0.369384372578,0.0,-7.01383595504,-12.9678315984,1.6581783636,-0.0447297253645,0.0272963343711,0.0,412.82182380339157,413.1498990411834,412.37242065750075,412.39984473395583
5.0399999999999805,-10.2123895946,-20.462800542,27.3310122045,5.91180191679,0.371190671606,0.0,-7.24529846626,-13.3280854497,1.49375968073,-0.0546871974297,0.0214419304074,0.0,464.9162364114571,464.45723672478914,465.7673486765845,464.98638023124505
